255239
255240
255241
255242
255243
255244
255245
255246
255247
255249
255448
255449
255450
287379
294550
294552
294561
294562
294675
309212
309213
309215
309216
309277
309278
309279
309305
350357
350358
350359
350360
350361
350362
350363
350364
350365
350366
356151
356152
356153
356154
356155
356156
356157
356158
356159
356160
356161
356162
356163
356164
356165
356166
356167
356168
356169
356170
356171
356172
356173
356174
356175
356176
356177
356178
356179
356180
356181
356182
356183
356184
356185
356186
356187
356188
356189
356190
356191
356192
356193
356194
356195
356196
356197
356198
356199
356200
356201
356202
356203
356204
356205
356206
356207
356208
356209
356210
356211
356212
356213
356214
356215
356216
356217
356218
356219
356220
356221
356222
356223
356224
356225
356226
356227
356228
356229
356230
356231
356232
356233
356234
356235
356236
356237
356238
356239
356240
356241
356242
356243
356244
356245
356246
356247
356248
356249
356250
356251
356252
356253
356254
356255
356256
356257
356258
356259
356260
356261
356262
356263
356264
356265
356266
356267
356268
356269
356270
356271
356272
356273
356274
356275
356276
356277
356278
356279
356280
356281
356282
356283
356284
356285
356286
356287
356288
356289
356290
356291
356292
356293
356294
356295
356296
356297
356298
356299
356300
356301
356302
356303
356304
356305
356306
356307
356308
356309
356310
356311
356312
356313
356314
356315
356316
356317
356318
356319
356320
356321
356322
356323
356324
356325
356326
356327
356328
356329
356330
356331
356332
356333
356334
356335
356336
356337
356338
356339
356340
356341
356342
356343
356344
356345
356346
356347
356348
356349
356350
356351
356352
356353
356354
356355
356356
356357
356358
356359
356360
356361
356362
356363
356364
356365
356366
356367
356368
356369
356370
356371
356372
356373
356374
356375
356376
356377
356378
356379
356380
356381
356382
356383
356384
356385
356386
356387
356388
356389
356390
356391
356392
356393
356394
356395
356396
356397
356398
356399
356400
356401
356402
356403
356404
356405
356406
356407
356408
356409
356410
356411
356412
356413
356414
356415
356416
356417
356418
356419
356420
356421
356422
356423
356424
356425
356426
356427
356428
356429
356430
356431
356432
356433
356434
356435
356436
356437
356438
356439
356440
356441
356442
356443
356444
356445
356446
356447
356448
356449
356450
356451
356452
356453
356454
356455
356456
356457
356458
356459
356460
356461
356462
356463
356464
356465
356466
356467
356468
356469
356470
356471
356472
356473
356474
356475
356476
356477
356478
356479
356480
356481
356482
356483
356484
356485
356486
356487
356488
356489
356490
356491
356492
356493
356494
356495
356496
356497
356498
356499
356500
356501
356502
356503
356504
356505
356506
356507
356508
356509
356510
356511
356512
356513
356514
356515
356516
356517
356518
356519
356520
356521
356522
356523
356524
356525
356526
356527
356528
356529
356530
356531
356532
356533
356534
356535
356536
356537
356538
356539
356540
356541
356542
356543
356544
356545
356546
356547
356548
356549
356550
356551
356552
356553
356554
356555
356556
356557
356558
356559
356560
356561
356562
356563
356564
356565
356566
356567
356568
356569
356570
356571
356572
356573
356574
356575
356576
356577
356578
356579
356580
356581
356582
356583
356584
356585
356586
356587
356588
356589
356590
356591
356592
356593
356594
356595
356596
356597
356598
356599
356600
356601
356602
356603
356604
356605
356606
356607
356608
356609
356610
356611
356612
356613
356614
356615
356616
356617
356618
356619
356620
356621
356622
356623
356624
356625
356626
356627
356628
356629
356630
356631
356632
356633
356634
356635
356636
356637
356638
356639
356640
356641
356642
356643
356644
356645
356646
356647
356648
356649
356650
356651
356652
356653
356654
356655
356656
356657
356658
356659
356660
356661
356662
356663
356664
356665
356666
356667
356668
356669
356670
356671
356672
356673
356674
356675
356676
356677
356678
356679
356680
356681
356682
356683
356684
356685
356686
356687
356688
356689
356690
356691
356692
356693
356694
356695
356696
356697
356698
356699
356700
356701
356702
356703
356704
356705
356706
356707
356708
356709
356710
356711
356712
356713
356714
356715
356716
356717
356718
356719
356720
356721
356722
356723
356724
356725
356726
356727
356728
356729
356730
356731
356732
356733
356734
356735
356736
356737
356738
356739
356740
356741
356742
356743
356744
356745
356746
356747
356748
356749
356750
356751
356752
356753
356754
356755
356756
356757
356758
356759
356760
356761
356762
356763
356764
356765
356766
356767
356768
356769
356770
356771
356772
356773
356774
356775
356776
356777
356778
356779
356780
356781
356782
356783
356784
356785
356786
356787
356788
356789
356790
356791
356792
356793
356794
356795
356796
356797
356798
356799
356800
356801
356802
356803
356804
356805
356806
356807
356808
356809
356810
356811
356812
356813
356814
356815
356816
356817
356818
356819
356820
356821
356822
356823
356824
356825
356826
356827
356828
356829
356830
356831
356832
356833
356834
356835
356836
356837
356838
356839
356840
356841
356842
356843
356844
356845
356846
356847
356848
356849
356850
356851
356852
356853
356854
356855
356856
356857
356858
356859
356860
356861
356862
356863
356864
356865
356866
356867
356868
356869
356870
356871
356872
356873
356874
356875
356876
356877
356878
356879
356880
356881
356882
356883
356884
356885
356886
356887
356888
356889
356890
356891
356892
356893
356894
356895
356896
356897
356898
356899
356900
356901
356902
356903
356904
356905
356906
356907
356908
356909
356910
356911
356912
356913
356914
356915
356916
356917
356918
356919
356920
356921
356922
356923
356924
356925
356926
356927
356928
356929
356930
356931
356932
356933
356934
356935
356936
356937
356938
356939
356940
356941
356942
356943
356944
356945
356946
356947
356948
356949
356950
356951
356952
356953
356954
356955
356956
356957
356958
356959
356960
356961
356962
356963
356964
356965
356966
356967
356968
356969
356970
356971
356972
356973
356974
356975
356976
356977
356978
356979
356980
356981
356982
356983
356984
356985
356986
356987
356988
356989
356990
356991
356992
356993
356994
356995
356996
356997
356998
356999
357000
357001
357002
357003
357004
357005
357006
357007
357008
357009
357010
357011
357012
357013
357014
357015
357016
357017
357018
357019
357020
357021
357022
357023
357024
357025
357026
357027
357028
357029
357030
357031
357032
357033
357034
357035
357036
357037
357038
357039
357040
357041
357042
357043
357044
357045
357046
357047
357048
357049
357050
357051
357052
357053
357054
357055
357056
357057
357058
357059
357060
357061
357062
357063
357064
357065
357066
357067
357068
357069
357070
357071
357072
357073
357074
357075
357076
357077
357078
357079
357080
357081
357082
357083
357084
357085
357086
357087
357088
357089
357090
357091
357092
357093
357094
357095
357096
357097
357098
357099
357100
357101
357102
357103
357104
357105
357106
357107
357108
357109
357110
357111
357112
357113
357114
357115
357116
357117
357118
357119
357120
357121
357122
357123
357124
357125
357126
357127
357128
357129
357130
357131
357132
357133
357134
357135
357136
357137
357138
357139
357140
357141
357142
357143
357144
357145
357146
357147
357148
357149
357150
357151
357152
357153
357154
357155
357156
357157
357158
357159
357160
357161
357162
357163
357164
357165
357166
357167
357168
357169
357170
357171
357172
357173
357174
357175
357176
357177
357178
357179
357180
357181
357182
357183
357184
357185
357186
357187
357188
357189
357190
357191
357192
357193
357194
357195
357196
357197
357198
357199
357200
357201
357202
357203
357204
357205
357206
357207
357208
357209
357210
357211
357212
357213
357214
357215
357216
357217
357218
357219
357220
357221
357222
357223
357224
357225
357226
357227
357228
357229
357230
357231
357232
357233
357234
357235
357236
357237
357238
357239
357240
357241
357242
357243
357244
357245
357246
357247
357248
357249
357250
357251
357252
357253
357254
357255
357256
357257
357258
357259
357260
357261
357262
357263
357264
357265
357266
357267
357268
357269
357270
357271
357272
357273
357274
357275
357276
357277
357278
357279
357280
357281
357282
357283
357284
357285
357286
357287
357288
357289
357290
357291
357292
357293
357294
357295
357296
357297
357298
357299
357300
357301
357302
357303
357304
357305
357306
357307
357308
357309
357310
357311
357312
357313
357314
357315
357316
357317
357318
357319
357320
357321
357322
357323
357324
357325
357326
357327
357328
357329
357330
357331
357332
357333
357334
357335
357336
357337
357338
357339
357340
357341
357342
357343
357344
357345
357346
357347
357348
357349
357350
