105277
105278
105279
105288
105332
105333
105334
105342
105344
105346
105347
105364
105383
105421
105423
105424
105441
105442
105444
105485
105492
105495
105497
105500
105501
105533
105555
105754
105758
105869
106739
106751
106753
106785
106861
106912
106913
106996
106997
106999
107394
107395
107396
107424
107428
107911
108683
109097
109202
109203
109204
109520
110926
110950
111540
112208
112409
113851
113853
113863
113921
113932
113945
134276
134284
140173
140514
140650
148160
149304
149305
149306
